0.7084
0.0401
0.0388
0.0392
0.0396
0.0388
0.0389
0.0388
0.0389
0.0390
4.9629
4.7548
5.4200
4.6670
4.4575
4.5371
4.6350
4.5586
4.6416
5.0273
5.3032
5.4701
4.5557
4.6998
4.5959
5.1814
4.6913
5.1174
4.9017
5.0095
6.6898
4.9656
4.6212
5.0377
4.7779
5.4045
4.5653
4.6554
4.5242
4.3144
4.5489
4.2493
4.3543
4.6478
4.3058
0.7154
0.5314
0.6633
0.8096
0.5082
0.4601
0.4467
0.4089
0.5217
0.0153
0.4478
0.0161
0.0155
0.4494
0.0155
0.0145
0.0147
0.0146
0.0135
0.4895
0.0156
0.0144
0.0144
0.0140
0.0144
0.0141
0.0150
0.0130
0.0149
0.0127
0.0135
0.4419
0.0166
0.0164
0.0152
0.4700
0.0160
